    4053.71      18
    4080.9615    13                  
    4084.8673    43                  
    4087.2467    8                  
    4087.3435    9                  
    4130.6491    910
    4132.4266    309 
    4166.0014    103
    4179.3487    14    
    4223.9634    34                  
    4239.5552    25                  
    4242.6050    17                  
    4264.4174    42                  
    4267.9199    8 
    4283.0973    530                  
    4291.1571    26                  
    4305.1815    6                  
    4309.2662    4
    4309.2662    4
    4323.0031    61  
    4325.1085    18                  
    4332.9146    39                  
    4350.3255    271                  
    4359.5269    9                  
    4402.5386    273  
    4406.8319    29                  
    4413.6612    13                  
    4431.8943    374                  
    4467.0914    30                  
    4488.980     234   
    4493.638     137   
    4504.348     5                  
    4505.924     209                  
    4523.167     327                  
    4524.926     188  
    4554.033     9300
    4573.853     230   
    4579.638     580   
    4589.756     22                  
    4591.824     28                  
    4599.717     108   
    4604.983     28                  
    4619.920     40   
    4628.331     63                  
    4673.619     133                  
    4691.614     306                  
    4697.44      15  
    4699.095     24                  
    4700.422     80   
    4724.713     8                  
    4726.434     371  
    4877.647     66                  
    4899.927     273 
    4902.848     63   
    4934.077     6900
    4947.312     25                  
    4957.092     10 
    4995.644     5                  
    5012.954     5
    5012.954     5
    5049.55      10 
    5054.958     19                  
    5097.54      10
    5102.25      12
    5134.54      10
    5159.876     80                  
    5253.804     5                  
    5305.701     6    
    5424.548     199                  
    5437.318     5                  
    5519.044     280 
    5535.481     1830  
    5535.869     112                  
    5593.308     5                  
    5679.995     21                  
    5680.176     41                  
    5777.618     740   
    5784.042     5   
    5800.226     203
    5805.681     419                  
    5818.812     14                  
    5826.274     610
    5853.675     331
    5907.636     94                  
    5971.698     700 
    5978.461     8                  
    5997.087     620 
    5998.00      10 
    6019.470     610 
    6063.114     840 
    6083.394     5   
    6101.99      13
    6110.783     880                  
    6129.233     5   
    6141.713     1510
    6341.680     900   
    6377.11      10   
    6383.76      10   
    6411.112     3                  
    6450.851     580  
    6482.908     1770                  
    6496.898     900 
    6498.760     1060
    6526.17      8  
    6527.311     890
    6595.325     740
    6654.114     9                  
    6675.270     462
    6693.842     454
    6769.477     6 
    6771.858     4                  
    6865.686     62                  
    6867.905     8                  
    6874.079     7
    6874.079     7
    6961.482     1                  
