4046.56   1800      
4077.83    150          
4108.05     40    
4339.22    125    
4347.49    240    
4358.33   2000     
4398.62    100      
4660.28     90   
4855.72     80         
4883.00      5   
4889.91      5    
4916.07     80   
4970.37      5   
4980.64      5      
5102.70     20  
5120.64     40     
5128.45    100       
5137.94     20    
5290.74     20    
5316.78      5       
5354.05     60     
5384.63     30    
5460.74   1100    
5549.63     30       
5675.86    160    
5769.60    1240       
5789.66    1100     
5790.66    280      
5803.78    140   
5859.25     60      
5871.73     60   
5871.98     20     
6072.72     20   
6149.50   1000   
6234.40     30      
6521.13     80    
6716.43    160     
6907.52    250   
7081.90    250       
7091.86    200    

