  3711.07    850 
  4113.70    300           
  4123.08    250 
  4233.26    250           
  4238.99    6 
  4240.90    250           
  4242.08    10
  4242.08    10
  4249.41    1  
  4252.52    2  
  4273.64    15
  4276.79    20
  4276.79    20
  4287.84    2  
  4291.01    3  
  4292.48    250           
  4292.86    250           
  4308.81    250           
  4309.04    250           
  4320.91    250           
  4321.40    30
  4324.62    40
  4324.62    40
  4337.29    250           
  4341.49    3 
  4344.11    250
  4344.74    5
  4368.60    200
  4375.22    200           
  4387.49    200           
  4390.03    40
  4392.81    250           
  4393.34    60
  4393.34    60
  4405.12    200           
  4419.88    5  
  4423.25    8  
  4446.70    200           
  4447.41    200           
  4454.74    200           
  4455.23    200           
  4457.21    200           
  4474.63    200           
  4478.80    200           
  4481.67    200           
  4490.15    200           
  4490.87    200           
  4494.18    60  
  4497.66    100
  4497.66    100
  4499.62    200           
  4506.97    200           
  4519.21    200           
  4524.98    200           
  4533.32    200           
  4541.63    10 
  4545.19    15 
  4551.53    200           
  4590.92    160           
  4664.811   120
  4668.560   200
  4668.560   200
  4722.23    160           
  4731.10    160           
  4741.67    160           
  4747.941   20  
  4751.822   30  
  4768.79    160           
  4788.79    100           
  4978.541   200
  4982.813   400
  5148.838   40  
  5153.402   80  
  5191.65    100           
  5208.55    80           
  5400.46    70           
  5414.55    90           
  5682.633   280  
  5688.193   70  
  5688.205   560
  5889.950   80000
  5895.924   40000
  6154.225   120  
  6160.747   240  
  6175.25    60           
  6199.26    70           
  6234.68    70           
  6260.01    80           
  6274.74    80           
  6361.15    70           
  6366.41    70           
  6514.21    90           
  6524.68    80           
  6530.70    130           
  6544.04    130           
  6545.75    130           
  6552.43    80           
  7373.23    20  
  7373.49    10  
